0010010010000000000000000000000000000000000000000000000
0000010010000000000001100010000000000000100000000000000
0000111110100100000000000001000000000000101000001000000
0000111010100100000000000001000000000000101000001000000
0011010100000000000000000000000000000000000000000000000
0000010010000000000001100010000000000000100000000010000
0000111011100100000000000001000000000000101000001000011
0000110110100100000000000001000000000000101000001000011
0000101100100000000000000010000000000001000000000110000
0000010010000000000001100010000000000000100000000100000
0000110001000100000000000000000000000000000000010000000
0000110001000100000000000000000000000000000000010000000
0000010010000000000000010000000000001000101100000000000
0000010010000000000001100000000000100000100000000000000
0000010010000000000001000001000000000000010100001000001
0000011100100100000000000001000000000000000000000000000
0001010000000000000000000000000000000000000000000001110
0001010001000000000000000000000000000000000000000001100
0101100010100100000100011000000000010000000000001000000
0101100010100100000100011000000000010000000000001000000
0000010010000000000001011000000000001010101100000000000
0000010010000000000001011000000000001010010000000000001
0001010010000000000000010000000000001000010100000000001
0000010000010000000000000010000000000000000000000110010
0000010001010000000000000010000000000000000000000110000
0001011001010000000000000000000000000000000000000001010
0000101000010000010000000000000010000000000010000000010
0000010010000000000001100100000000000000000000000000010
0001011100010000000001001000000000000010000000000001010
0001011101010000000000000000000000000000000000000001000
0000010010000000000000010100000000000000000000000000000
0000010010000000000001100100000000000000000000000000000
1000000000000000000010000000000000000000000000000000000
0001100001010000000000000000000000000000000000000001010
0110100001000000000000000000000000000000000000000000000
0000100000001000000000000100000000000000000000000000010
0001100100000000000000000000000000000000000000000001110
0001100101000000000000000000000000000000000000000001110
0000110010010000000000000000000100000000000000000000010
0000101001100000100000000000001000000001000000000000010
0000110000000001000001000000010000000101000000000000000
0001101001010000000000000000000000000000000000000001010
0000011010000010000000000000000000000000000000100000000
0000010010000000000000010100000000000000000000000000010
0001101100010000000000000000000000000000000000000001010
0001101101010000000000000000000000000000000000000001010
0000110011000000000000010100000000000000000000000000010
0000110100000000000001000000000001000101000000000000000
0000100100100000000001000000000001000101000001000000000
0000011010000010000000000000000000000000000000000000000
0000100101100000000001000000000001000101000001000000000
0000101101100000000001000000000001000101000000000000000
0000110101000000001000000100000000000000000000000000010
0000111111000000100000000000000000000001000000000000000
0100010111000000000000000000000000000000000000000000000
0000011010000010000000000000000000000000000000000000000
0000011010000010000000000000000000000000000000000000000
0000011010000010000000000000000000000000000000000000000
0100011000000000000000000000000000000000000000000000000
0100011001000000000000000000000000000000000000000000000
0000011010000010000000000000000000000000000000000000000
0000011010000010000000000000000000000000000000000000000
0100011101000000000000000000000000000000000000000000000
0000010010000000000001000000110000000100000000000000000
