001001001000000000000000000000000000000000000000000000000000000000000000
000001001000000000001000101100010000000000000000100000000000000000000000
000001110110010000001000100000001000000000000000101000001000000000100000
000001100010010000001000100000001000000000000000101000001000000000100000
001101010000000000000000000000000000000000000000000000000000000000000000
000001001000000000000000001100010000000000000000100000000000100000000000
000001100110010000001000100000001000000000000000101000001000000110100000
000001011110010000001000100000001000000000000000101000001000000110100000
000010110010000000001000100000010000000000000001000000000001100001000000
000001001000000000000000001100010000000000000000100000000001000000000000
000011000100010000000000000000000000000000000000000000010000000000000000
000011000100010000000000000000000000000000000000000000010000000000000000
000001001000000000000000000010000000000000001000101100000000000000000000
000001001000000000000000001100000000000000100000100000000000000000000000
000001001000000000000000001000001000000000000000010100001000000010000000
000001110010010000001000100000001000000000000000000000000000000001000000
000101000000000000000000000000000000000000000000000000000000011100000000
000101000100000000000000000000000000000000000000000000000000011000000000
010110001010010000011000000011000000000000010000000000001000000000000000
010110001010010000011000000011000000000000010000000000001000000000000000
000001001000000000000000001011000000000000001010101100000000000000000000
000001001000000000000000001011000000000000001010010000000000000010000000
000101001000000000000000000010000000000000001000010100000000000010000000
000001000001000000000000000000010000000000000000000000000001100100000000
000001000101000000000000000000010000000000000000000000000001100000000000
000101100101000000000000000000000000000000000000000000000000010100000000
000010100001000001000000000000000000010000000000000010000000000100000000
000001001000000000000000001100100000000000000000000000000000000100000000
000101110001000000000000001001000000000000000010000000000000010100000000
000101110101000000000000000000000000000000000000000000000000010000000000
000001001000000000000000000010100000000000000000000000000000000000000000
000001001000000000000000001100100000000000000000000000000000000000000000
100000000000000000000000010000000000000000000000000000000000000000000000
000110000101000000000000000000000000000000000000000000000000010100000000
011010000100000000000000100000000000000000000000000000000000000001000000
000010000000100000000000000000100000000000000000000000000000000100000000
000110010000000000000000000000000000000000000000000000000000011100000000
000110010100000000000000000000000000000000000000000000000000011100000000
000011001001000000000000000000000000100000000000000000000000000100000000
000010100110000010001000100000000001000000000001000000000000000101000000
000011000000000100000000001000000010000000000101000000000000000000000000
000110100101000000000000000000000000000000000000000000000000010100000000
000001101000001000000000000000000000000000000000000000100000000000000000
000001001000000000000000000010100000000000000000000000000000000100000000
000110110001000000000000000000000000000000000000000000000000010100000000
000110110101000000000000000000000000000000000000000000000000010100000000
000011001100000000000000000010100000000000000000000000000000000100000000
000011010000000000000000001000000000001000000101000000000000000000000000
000010010010000000001000101000000000001000000101000001000000000000000001
000001101000001000000000000000000000000000000000000000000000000000000000
000010010110000000001000101000000000001000000101000001000000000000000001
000010110110000000001000101000000000001000000101000000000000000001000000
000011010100000000100000000000100000000000000000000000000000000100000000
000011011100000010000000000000000000000000000001000000000000000000000000
000011110101000000000000000000000000000100000000000000000000000100000000
000001001000000000000000001000000110000000000100000000000000000000000000
000000000000000000000000000000000000000000000000000000000000000001000000
000000000000000000000000000000000000000000000000000000000000000000000000
000011110010000000000000000000000000000001000000000000000000000000000100
000011011000000000000011000000000000000000000000000000000000000000000000
000111110001000000000000000000000000000100000000000000000000010100000000
000111110100000000000000000000000000000000000000000000000000011100000000
000011101100010000000100000000100000000000000000000000000000000100000000
000000000010000000000000000000000000000010000000000000000000000001001011
